{
  "asset": {
    "version": "2.0",
    "generator": "THREE.GLTFExporter"
  },
  "scenes": [
    {
      "nodes": [
        0
      ]
    }
  ],
  "scene": 0,
  "nodes": [
    {
      "children": [
        32
      ],
      "matrix": [
        0.01,
        0,
        0,
        0,
        0,
        0.01,
        0,
        0,
        0,
        0,
        0.01,
        0,
        0,
        0,
        0,
        1
      ]
    },
    {
      "matrix": [
        0.22162728594299566,
        0.7848608456407861,
        0.5786836779325747,
        0,
        -0.9623675317908451,
        0.2717512350566172,
        0,
        0,
        -0.15725800418528285,
        -0.5569063828196202,
        0.8155520834958538,
        0,
        0,
        0,
        0,
        1
      ],
      "name": "Directional Light",
      "extensions": {
        "KHR_lights_punctual": {
          "light": 0
        }
      }
    },
    {
      "matrix": [
        0.996194698091745,
        0.08715574274765862,
        0,
        0,
        -0.08715574274765862,
        0.996194698091745,
        0,
        0,
        0,
        0,
        1,
        0,
        -345.7441808826748,
        -432.97063824077316,
        -272.7300743015557,
        1
      ],
      "name": "Subdiv 7",
      "mesh": 0
    },
    {
      "matrix": [
        1,
        0,
        0,
        0,
        0,
        1,
        0,
        0,
        0,
        0,
        1,
        0,
        -10.715627659001939,
        -394.27506215865697,
        522.6132923002191,
        1
      ],
      "name": "Subdiv 6",
      "mesh": 1
    },
    {
      "matrix": [
        1,
        0,
        0,
        0,
        0,
        1,
        0,
        0,
        0,
        0,
        1,
        0,
        26.842376708984375,
        -596.3900875913566,
        32.311492919921875,
        1
      ],
      "name": "Subdiv 9",
      "mesh": 2
    },
    {
      "matrix": [
        1,
        0,
        0,
        0,
        0,
        1,
        0,
        0,
        0,
        0,
        1,
        0,
        25.700042724609375,
        -567.0843251982769,
        30.969099270276274,
        1
      ],
      "name": "Sphere",
      "mesh": 3
    },
    {
      "matrix": [
        -0.5000000000000053,
        1.6407156042244842e-17,
        -0.8660254037844458,
        0,
        6.123233995736777e-17,
        1,
        -1.6407156042244697e-17,
        0,
        0.8660254037844458,
        -6.123233995736831e-17,
        -0.5000000000000053,
        0,
        186.51504231399318,
        -266.08199455455167,
        -450.8105772942519,
        1
      ],
      "name": "Subdiv 4",
      "mesh": 4
    },
    {
      "matrix": [
        0.6691306063588653,
        -1.7295385871127322e-16,
        0.7431448254774026,
        0,
        1.224646799147354e-16,
        1,
        1.224646799147354e-16,
        0,
        -0.7431448254774026,
        9.064127653490752e-18,
        0.6691306063588653,
        0,
        -299.5690159971198,
        -178.0009641886789,
        120.75865359847563,
        1
      ],
      "name": "Subdiv 8",
      "mesh": 5
    },
    {
      "matrix": [
        0.8829475928589523,
        -5.063620967531127e-17,
        -0.46947156278590463,
        0,
        1.2246467991473535e-16,
        1,
        1.2246467991473537e-16,
        0,
        0.46947156278590463,
        -1.6562357900660407e-16,
        0.8829475928589523,
        0,
        -563.2447958979039,
        -284.3592440715126,
        179.39914271044674,
        1
      ],
      "name": "Subdiv 3",
      "mesh": 6
    },
    {
      "matrix": [
        0.08715574274765868,
        -1.326721649728858e-16,
        0.9961946980917518,
        0,
        1.2246467991473564e-16,
        1,
        1.2246467991473527e-16,
        0,
        -0.9961946980917518,
        1.1132516469624007e-16,
        0.08715574274765868,
        0,
        -204.6525311244916,
        -299.78131252335675,
        -284.36573806814874,
        1
      ],
      "name": "Subdiv 2",
      "mesh": 7
    },
    {
      "matrix": [
        -0.05233595624294573,
        -1.6783358761538798e-19,
        0.9986295347545908,
        0,
        -6.409306129323822e-18,
        1,
        -1.6783358761538514e-19,
        0,
        -0.9986295347545908,
        -6.40930612932393e-18,
        -0.05233595624294573,
        0,
        319.8382892536333,
        -269.43866885750225,
        323.6170911032034,
        1
      ],
      "name": "Subdiv 5",
      "mesh": 8
    },
    {
      "matrix": [
        -0.7071067811865516,
        2.090602855382858e-16,
        -0.7071067811865516,
        0,
        8.65956056235493e-17,
        1,
        2.090602855382846e-16,
        0,
        0.7071067811865516,
        8.659560562354981e-17,
        -0.7071067811865516,
        0,
        498.62662404339494,
        -106.23098208487312,
        -64.88678822389784,
        1
      ],
      "name": "Subdiv",
      "mesh": 9
    },
    {
      "matrix": [
        1,
        0,
        0,
        0,
        0,
        1,
        0,
        0,
        0,
        0,
        1,
        0,
        -62.80029296875,
        129.2975106107658,
        45.46625907787637,
        1
      ],
      "name": "Cylinder",
      "mesh": 10
    },
    {
      "matrix": [
        1,
        0,
        0,
        0,
        0,
        1,
        0,
        0,
        0,
        0,
        1,
        0,
        59.80029296875,
        -132.2975106107658,
        65.17893299928846,
        1
      ],
      "name": "Mushrooms",
      "children": [
        2,
        3,
        4,
        5,
        6,
        7,
        8,
        9,
        10,
        11,
        12
      ]
    },
    {
      "matrix": [
        0.7431448254773941,
        0,
        -0.6691306063588581,
        0,
        0,
        1,
        0,
        0,
        0.6691306063588581,
        0,
        0.7431448254773941,
        0,
        -695.6736679803357,
        45.364051718612956,
        545.5758727361506,
        1
      ],
      "name": "Sphere copy 34",
      "mesh": 11
    },
    {
      "matrix": [
        0.7431448254773941,
        0,
        -0.6691306063588581,
        0,
        0,
        1,
        0,
        0,
        0.6691306063588581,
        0,
        0.7431448254773941,
        0,
        706.2864431641177,
        234.287491370088,
        -716.7546812825645,
        1
      ],
      "name": "Sphere copy 33",
      "mesh": 12
    },
    {
      "matrix": [
        0.7431448254773941,
        0,
        -0.6691306063588581,
        0,
        0,
        1,
        0,
        0,
        0.6691306063588581,
        0,
        0.7431448254773941,
        0,
        1088.1459779735505,
        113.92504420762128,
        -235.85171692786048,
        1
      ],
      "name": "Sphere copy 32",
      "mesh": 13
    },
    {
      "matrix": [
        0.7431448254773941,
        0,
        -0.6691306063588581,
        0,
        0,
        1,
        0,
        0,
        0.6691306063588581,
        0,
        0.7431448254773941,
        0,
        -312.2835341191871,
        72.62590543049384,
        -754.7990764852054,
        1
      ],
      "name": "Sphere copy 24",
      "mesh": 14
    },
    {
      "matrix": [
        0.7431448254773941,
        0,
        -0.6691306063588581,
        0,
        0,
        1,
        0,
        0,
        0.6691306063588581,
        0,
        0.7431448254773941,
        0,
        -624.9631611305462,
        119.72593986233983,
        -843.1318921987411,
        1
      ],
      "name": "Sphere copy 23",
      "mesh": 15
    },
    {
      "matrix": [
        0.7431448254773941,
        0,
        -0.6691306063588581,
        0,
        0,
        1,
        0,
        0,
        0.6691306063588581,
        0,
        0.7431448254773941,
        0,
        -638.2841631268547,
        288.77606168982993,
        82.04189956829282,
        1
      ],
      "name": "Sphere copy 22",
      "mesh": 16
    },
    {
      "matrix": [
        0.7431448254773941,
        0,
        -0.6691306063588581,
        0,
        0,
        1,
        0,
        0,
        0.6691306063588581,
        0,
        0.7431448254773941,
        0,
        -963.0360026035178,
        239.922643195899,
        -90.62844461432019,
        1
      ],
      "name": "Sphere copy 21",
      "mesh": 17
    },
    {
      "matrix": [
        0.7431448254773941,
        0,
        -0.6691306063588581,
        0,
        0,
        1,
        0,
        0,
        0.6691306063588581,
        0,
        0.7431448254773941,
        0,
        -360.5500190774279,
        76.37429457105532,
        690.1221504688658,
        1
      ],
      "name": "Sphere copy 20",
      "mesh": 18
    },
    {
      "matrix": [
        0.7431448254773941,
        0,
        -0.6691306063588581,
        0,
        0,
        1,
        0,
        0,
        0.6691306063588581,
        0,
        0.7431448254773941,
        0,
        146.19106600503937,
        -76.93437501060373,
        759.8046293835134,
        1
      ],
      "name": "Sphere copy 16",
      "mesh": 19
    },
    {
      "matrix": [
        0.7431448254773941,
        0,
        -0.6691306063588581,
        0,
        0,
        1,
        0,
        0,
        0.6691306063588581,
        0,
        0.7431448254773941,
        0,
        604.032730012912,
        17.324240518009105,
        347.5621434627724,
        1
      ],
      "name": "Sphere copy 15",
      "mesh": 20
    },
    {
      "matrix": [
        0.7431448254773941,
        0,
        -0.6691306063588581,
        0,
        0,
        1,
        0,
        0,
        0.6691306063588581,
        0,
        0.7431448254773941,
        0,
        328.92195591690506,
        -70.4716706404389,
        488.1269508120413,
        1
      ],
      "name": "Sphere copy 14",
      "mesh": 21
    },
    {
      "matrix": [
        0.7431448254773941,
        0,
        -0.6691306063588581,
        0,
        0,
        1,
        0,
        0,
        0.6691306063588581,
        0,
        0.7431448254773941,
        0,
        639.3869581676171,
        -56.62818197280387,
        545.1271000983566,
        1
      ],
      "name": "Sphere copy 13",
      "mesh": 22
    },
    {
      "matrix": [
        0.7431448254773941,
        0,
        -0.6691306063588581,
        0,
        0,
        1,
        0,
        0,
        0.6691306063588581,
        0,
        0.7431448254773941,
        0,
        997.3730763194992,
        214.7547987434823,
        -230.50970436166858,
        1
      ],
      "name": "Sphere copy 4",
      "mesh": 23
    },
    {
      "matrix": [
        0.7431448254773941,
        0,
        -0.6691306063588581,
        0,
        0,
        1,
        0,
        0,
        0.6691306063588581,
        0,
        0.7431448254773941,
        0,
        491.77442717903295,
        177.28701714329816,
        614.6619668521228,
        1
      ],
      "name": "Sphere copy 2",
      "mesh": 24
    },
    {
      "matrix": [
        1,
        0,
        0,
        0,
        0,
        1,
        0,
        0,
        0,
        0,
        1,
        0,
        -23.90622298896551,
        -491.86634498913975,
        125.02680722396508,
        1
      ],
      "name": "Particles",
      "children": [
        14,
        15,
        16,
        17,
        18,
        19,
        20,
        21,
        22,
        23,
        24,
        25,
        26,
        27
      ]
    },
    {
      "matrix": [
        0.9837395750934811,
        -3.4694469519536138e-18,
        -0.17960080287932167,
        0,
        -0.014546359001725412,
        0.9967146923709332,
        -0.0796757519682678,
        0,
        0.1790107589914357,
        0.0809927281421981,
        0.9805076879624116,
        0,
        466.1987691082493,
        -8.687684993664021,
        2468.490940294689,
        1
      ],
      "name": "Default Camera",
      "camera": 0
    },
    {
      "matrix": [
        0.7579174172738046,
        2.0816681711721685e-17,
        -0.6523505105332604,
        0,
        -0.10772881151354502,
        0.9862702259073076,
        -0.12516207356315018,
        0,
        0.6433938853943862,
        0.1651394607256192,
        0.7475113823537184,
        0,
        930.5818955112003,
        75.45904758975726,
        2235.4946346859965,
        1
      ],
      "name": "Personal Camera",
      "camera": 1
    },
    {
      "matrix": [
        1,
        0,
        0,
        0,
        0,
        1,
        0,
        0,
        0,
        0,
        1,
        0,
        0,
        1,
        0,
        1
      ],
      "name": "Default Ambient Light"
    },
    {
      "name": "Scene",
      "children": [
        1,
        13,
        28,
        29,
        30,
        31
      ]
    }
  ],
  "extensions": {
    "KHR_lights_punctual": {
      "lights": [
        {
          "name": "Directional Light",
          "color": [
            0.2235294117647059,
            0.3803921568627451,
            1
          ],
          "intensity": 1,
          "type": "directional"
        }
      ]
    }
  },
  "bufferViews": [
    {
      "buffer": 0,
      "byteOffset": 0,
      "byteLength": 17760,
      "target": 34962,
      "byteStride": 12
    },
    {
      "buffer": 0,
      "byteOffset": 17760,
      "byteLength": 17760,
      "target": 34962,
      "byteStride": 12
    },
    {
      "buffer": 0,
      "byteOffset": 35520,
      "byteLength": 8880,
      "target": 34963
    },
    {
      "buffer": 0,
      "byteOffset": 44400,
      "byteLength": 17760,
      "target": 34962,
      "byteStride": 12
    },
    {
      "buffer": 0,
      "byteOffset": 62160,
      "byteLength": 17760,
      "target": 34962,
      "byteStride": 12
    },
    {
      "buffer": 0,
      "byteOffset": 79920,
      "byteLength": 8880,
      "target": 34963
    },
    {
      "buffer": 0,
      "byteOffset": 88800,
      "byteLength": 17760,
      "target": 34962,
      "byteStride": 12
    },
    {
      "buffer": 0,
      "byteOffset": 106560,
      "byteLength": 17760,
      "target": 34962,
      "byteStride": 12
    },
    {
      "buffer": 0,
      "byteOffset": 124320,
      "byteLength": 8880,
      "target": 34963
    },
    {
      "buffer": 0,
      "byteOffset": 133200,
      "byteLength": 71040,
      "target": 34962,
      "byteStride": 12
    },
    {
      "buffer": 0,
      "byteOffset": 204240,
      "byteLength": 71040,
      "target": 34962,
      "byteStride": 12
    },
    {
      "buffer": 0,
      "byteOffset": 275280,
      "byteLength": 35520,
      "target": 34963
    },
    {
      "buffer": 0,
      "byteOffset": 310800,
      "byteLength": 76800,
      "target": 34962,
      "byteStride": 12
    },
    {
      "buffer": 0,
      "byteOffset": 387600,
      "byteLength": 76800,
      "target": 34962,
      "byteStride": 12
    },
    {
      "buffer": 0,
      "byteOffset": 464400,
      "byteLength": 38400,
      "target": 34963
    },
    {
      "buffer": 0,
      "byteOffset": 502800,
      "byteLength": 76800,
      "target": 34962,
      "byteStride": 12
    },
    {
      "buffer": 0,
      "byteOffset": 579600,
      "byteLength": 76800,
      "target": 34962,
      "byteStride": 12
    },
    {
      "buffer": 0,
      "byteOffset": 656400,
      "byteLength": 38400,
      "target": 34963
    },
    {
      "buffer": 0,
      "byteOffset": 694800,
      "byteLength": 76800,
      "target": 34962,
      "byteStride": 12
    },
    {
      "buffer": 0,
      "byteOffset": 771600,
      "byteLength": 76800,
      "target": 34962,
      "byteStride": 12
    },
    {
      "buffer": 0,
      "byteOffset": 848400,
      "byteLength": 38400,
      "target": 34963
    },
    {
      "buffer": 0,
      "byteOffset": 886800,
      "byteLength": 76800,
      "target": 34962,
      "byteStride": 12
    },
    {
      "buffer": 0,
      "byteOffset": 963600,
      "byteLength": 76800,
      "target": 34962,
      "byteStride": 12
    },
    {
      "buffer": 0,
      "byteOffset": 1040400,
      "byteLength": 38400,
      "target": 34963
    },
    {
      "buffer": 0,
      "byteOffset": 1078800,
      "byteLength": 76800,
      "target": 34962,
      "byteStride": 12
    },
    {
      "buffer": 0,
      "byteOffset": 1155600,
      "byteLength": 76800,
      "target": 34962,
      "byteStride": 12
    },
    {
      "buffer": 0,
      "byteOffset": 1232400,
      "byteLength": 38400,
      "target": 34963
    },
    {
      "buffer": 0,
      "byteOffset": 1270800,
      "byteLength": 76800,
      "target": 34962,
      "byteStride": 12
    },
    {
      "buffer": 0,
      "byteOffset": 1347600,
      "byteLength": 76800,
      "target": 34962,
      "byteStride": 12
    },
    {
      "buffer": 0,
      "byteOffset": 1424400,
      "byteLength": 38400,
      "target": 34963
    },
    {
      "buffer": 0,
      "byteOffset": 1462800,
      "byteLength": 307200,
      "target": 34962,
      "byteStride": 12
    },
    {
      "buffer": 0,
      "byteOffset": 1770000,
      "byteLength": 307200,
      "target": 34962,
      "byteStride": 12
    },
    {
      "buffer": 0,
      "byteOffset": 2077200,
      "byteLength": 153600,
      "target": 34963
    },
    {
      "buffer": 0,
      "byteOffset": 2230800,
      "byteLength": 972,
      "target": 34962,
      "byteStride": 12
    },
    {
      "buffer": 0,
      "byteOffset": 2231772,
      "byteLength": 972,
      "target": 34962,
      "byteStride": 12
    },
    {
      "buffer": 0,
      "byteOffset": 2232744,
      "byteLength": 648,
      "target": 34962,
      "byteStride": 8
    },
    {
      "buffer": 0,
      "byteOffset": 2233392,
      "byteLength": 672,
      "target": 34963
    },
    {
      "buffer": 0,
      "byteOffset": 2234064,
      "byteLength": 972,
      "target": 34962,
      "byteStride": 12
    },
    {
      "buffer": 0,
      "byteOffset": 2235036,
      "byteLength": 972,
      "target": 34962,
      "byteStride": 12
    },
    {
      "buffer": 0,
      "byteOffset": 2236008,
      "byteLength": 648,
      "target": 34962,
      "byteStride": 8
    },
    {
      "buffer": 0,
      "byteOffset": 2236656,
      "byteLength": 672,
      "target": 34963
    },
    {
      "buffer": 0,
      "byteOffset": 2237328,
      "byteLength": 972,
      "target": 34962,
      "byteStride": 12
    },
    {
      "buffer": 0,
      "byteOffset": 2238300,
      "byteLength": 972,
      "target": 34962,
      "byteStride": 12
    },
    {
      "buffer": 0,
      "byteOffset": 2239272,
      "byteLength": 648,
      "target": 34962,
      "byteStride": 8
    },
    {
      "buffer": 0,
      "byteOffset": 2239920,
      "byteLength": 672,
      "target": 34963
    },
    {
      "buffer": 0,
      "byteOffset": 2240592,
      "byteLength": 972,
      "target": 34962,
      "byteStride": 12
    },
    {
      "buffer": 0,
      "byteOffset": 2241564,
      "byteLength": 972,
      "target": 34962,
      "byteStride": 12
    },
    {
      "buffer": 0,
      "byteOffset": 2242536,
      "byteLength": 648,
      "target": 34962,
      "byteStride": 8
    },
    {
      "buffer": 0,
      "byteOffset": 2243184,
      "byteLength": 672,
      "target": 34963
    },
    {
      "buffer": 0,
      "byteOffset": 2243856,
      "byteLength": 972,
      "target": 34962,
      "byteStride": 12
    },
    {
      "buffer": 0,
      "byteOffset": 2244828,
      "byteLength": 972,
      "target": 34962,
      "byteStride": 12
    },
    {
      "buffer": 0,
      "byteOffset": 2245800,
      "byteLength": 648,
      "target": 34962,
      "byteStride": 8
    },
    {
      "buffer": 0,
      "byteOffset": 2246448,
      "byteLength": 672,
      "target": 34963
    },
    {
      "buffer": 0,
      "byteOffset": 2247120,
      "byteLength": 972,
      "target": 34962,
      "byteStride": 12
    },
    {
      "buffer": 0,
      "byteOffset": 2248092,
      "byteLength": 972,
      "target": 34962,
      "byteStride": 12
    },
    {
      "buffer": 0,
      "byteOffset": 2249064,
      "byteLength": 648,
      "target": 34962,
      "byteStride": 8
    },
    {
      "buffer": 0,
      "byteOffset": 2249712,
      "byteLength": 672,
      "target": 34963
    },
    {
      "buffer": 0,
      "byteOffset": 2250384,
      "byteLength": 972,
      "target": 34962,
      "byteStride": 12
    },
    {
      "buffer": 0,
      "byteOffset": 2251356,
      "byteLength": 972,
      "target": 34962,
      "byteStride": 12
    },
    {
      "buffer": 0,
      "byteOffset": 2252328,
      "byteLength": 648,
      "target": 34962,
      "byteStride": 8
    },
    {
      "buffer": 0,
      "byteOffset": 2252976,
      "byteLength": 672,
      "target": 34963
    },
    {
      "buffer": 0,
      "byteOffset": 2253648,
      "byteLength": 972,
      "target": 34962,
      "byteStride": 12
    },
    {
      "buffer": 0,
      "byteOffset": 2254620,
      "byteLength": 972,
      "target": 34962,
      "byteStride": 12
    },
    {
      "buffer": 0,
      "byteOffset": 2255592,
      "byteLength": 648,
      "target": 34962,
      "byteStride": 8
    },
    {
      "buffer": 0,
      "byteOffset": 2256240,
      "byteLength": 672,
      "target": 34963
    },
    {
      "buffer": 0,
      "byteOffset": 2256912,
      "byteLength": 972,
      "target": 34962,
      "byteStride": 12
    },
    {
      "buffer": 0,
      "byteOffset": 2257884,
      "byteLength": 972,
      "target": 34962,
      "byteStride": 12
    },
    {
      "buffer": 0,
      "byteOffset": 2258856,
      "byteLength": 648,
      "target": 34962,
      "byteStride": 8
    },
    {
      "buffer": 0,
      "byteOffset": 2259504,
      "byteLength": 672,
      "target": 34963
    },
    {
      "buffer": 0,
      "byteOffset": 2260176,
      "byteLength": 972,
      "target": 34962,
      "byteStride": 12
    },
    {
      "buffer": 0,
      "byteOffset": 2261148,
      "byteLength": 972,
      "target": 34962,
      "byteStride": 12
    },
    {
      "buffer": 0,
      "byteOffset": 2262120,
      "byteLength": 648,
      "target": 34962,
      "byteStride": 8
    },
    {
      "buffer": 0,
      "byteOffset": 2262768,
      "byteLength": 672,
      "target": 34963
    },
    {
      "buffer": 0,
      "byteOffset": 2263440,
      "byteLength": 972,
      "target": 34962,
      "byteStride": 12
    },
    {
      "buffer": 0,
      "byteOffset": 2264412,
      "byteLength": 972,
      "target": 34962,
      "byteStride": 12
    },
    {
      "buffer": 0,
      "byteOffset": 2265384,
      "byteLength": 648,
      "target": 34962,
      "byteStride": 8
    },
    {
      "buffer": 0,
      "byteOffset": 2266032,
      "byteLength": 672,
      "target": 34963
    },
    {
      "buffer": 0,
      "byteOffset": 2266704,
      "byteLength": 972,
      "target": 34962,
      "byteStride": 12
    },
    {
      "buffer": 0,
      "byteOffset": 2267676,
      "byteLength": 972,
      "target": 34962,
      "byteStride": 12
    },
    {
      "buffer": 0,
      "byteOffset": 2268648,
      "byteLength": 648,
      "target": 34962,
      "byteStride": 8
    },
    {
      "buffer": 0,
      "byteOffset": 2269296,
      "byteLength": 672,
      "target": 34963
    },
    {
      "buffer": 0,
      "byteOffset": 2269968,
      "byteLength": 972,
      "target": 34962,
      "byteStride": 12
    },
    {
      "buffer": 0,
      "byteOffset": 2270940,
      "byteLength": 972,
      "target": 34962,
      "byteStride": 12
    },
    {
      "buffer": 0,
      "byteOffset": 2271912,
      "byteLength": 648,
      "target": 34962,
      "byteStride": 8
    },
    {
      "buffer": 0,
      "byteOffset": 2272560,
      "byteLength": 672,
      "target": 34963
    },
    {
      "buffer": 0,
      "byteOffset": 2273232,
      "byteLength": 972,
      "target": 34962,
      "byteStride": 12
    },
    {
      "buffer": 0,
      "byteOffset": 2274204,
      "byteLength": 972,
      "target": 34962,
      "byteStride": 12
    },
    {
      "buffer": 0,
      "byteOffset": 2275176,
      "byteLength": 648,
      "target": 34962,
      "byteStride": 8
    },
    {
      "buffer": 0,
      "byteOffset": 2275824,
      "byteLength": 672,
      "target": 34963
    }
  ],
  "buffers": [
    {
      "byteLength": 2276496,
